1 1.8722853040254117e+00 8.7156366097861530e-05 -1.0530569615590761e+15 6.9813343733843633e+12
(1.872e+00, 8.716e-05)  -1.053056961559e+15 +/- 6.981e+12   0
   [6.420572e+14 0.000000e+00 5.847716e+14 0.000000e+00 5.519839e+14 0.000000e+00 5.330664e+14 0.000000e+00 5.478978e+14]
2 7.9681954919675994e-03 3.9840977459837997e-03 -4.6475922886577205e+21 1.8099207792542477e+13 3.9840977459837997e-03 1.9920488729918999e-03 -8.4213038212511354e+20 2.0049017213513145e+13
(4.980e-04, 3.489e-20)  -6.035827659208e+19 +/- 3.554e+19   0
   [1.108575e+23 9.980566e-01 9.857456e+22 6.926607e-310 8.584312e+22 -7.853982e-01 7.180186e+22 9.763122e-178 3.462905e+23]
(9.960e-04, 4.980e-04)  -6.740376818818e+19 +/- 7.130e+16   0
   [1.601874e+23 -2.137854e+20 1.476017e+23 -2.137854e+20 1.352361e+23 1.997199e+23 1.230222e+23 1.730447e+23 1.108575e+23]
(1.992e-03, 9.960e-04)  -2.137854464296e+20 +/- 2.969e+12   4
   [-2.138175e+20 -2.137854e+20 -2.137854e+20 -2.137854e+20 2.135965e+23 1.997199e+23 1.862117e+23 1.730447e+23 1.601874e+23]
(7.968e-03, 3.984e-03)  -4.647592288658e+21 +/- 1.810e+13   4
   [-4.653676e+21 -4.647596e+21 -4.647592e+21 -4.647592e+21 1.118383e+24 9.654007e+23 8.287083e+23 7.068016e+23 5.982677e+23]
(3.984e-03, 1.992e-03)  -8.421303821251e+20 +/- 2.005e+13   4
   [-8.425359e+20 -8.421305e+20 -8.421304e+20 -8.421304e+20 4.162474e+23 3.771815e+23 3.404187e+23 3.058144e+23 2.732374e+23]
